{
	"Calibration": {
		"Dynamic": {
			"CalibrationHistory": [
				{
					"Epipolar": 2.40055096960140129e-06,
					"Time": 13249480629.1217384
				},
				{
					"Epipolar": 5.59205144236948852e-06,
					"Time": 13249480635.9135571
				},
				{
					"Epipolar": -7.81448111251398058e-08,
					"Time": 13249480642.9283123
				},
				{
					"Epipolar": 9.5716920625633832e-06,
					"Time": 13249480703.9807281
				},
				{
					"Epipolar": 3.93323156691719209e-06,
					"Time": 13249480765.0271492
				},
				{
					"Epipolar": 3.05586732435512395e-06,
					"Time": 13249480827.0693073
				},
				{
					"Epipolar": -1.02810804488264254e-05,
					"Time": 13249480888.1097279
				},
				{
					"Epipolar": -6.60402397508420274e-06,
					"Time": 13249480978.1698456
				},
				{
					"Epipolar": -5.2115542272163359e-07,
					"Time": 13249481040.2399387
				},
				{
					"Epipolar": 9.39418332216109936e-07,
					"Time": 13249481102.2950382
				},
				{
					"Epipolar": 1.57400297134467673e-06,
					"Time": 13249481164.3601551
				},
				{
					"Epipolar": -2.35502564728178316e-06,
					"Time": 13249481225.4015579
				},
				{
					"Epipolar": -2.90339207263579358e-06,
					"Time": 13249481287.4506588
				},
				{
					"Epipolar": -4.62311381720511896e-07,
					"Time": 13249481349.5307484
				},
				{
					"Epipolar": -3.86132683836243008e-06,
					"Time": 13249481410.5961666
				}
			],
			"Stereo": {
				"Angle": {
					"Epipolar": 0,
					"Vergence": 0
				},
				"Left": {
					"Camera": [
						[
							1517.29371947781033,
							0,
							0
						],
						[
							0,
							1517.29371947781033,
							0
						],
						[
							515.970228668856066,
							505.307334952204428,
							1
						]
					],
					"Rotation": [
						[
							0.998397589838390775,
							0.000769239046279228725,
							-0.0565832208007109871
						],
						[
							-0.000510775563463069268,
							0.999989371369522151,
							0.0045821672068643432
						],
						[
							0.0565861441804979548,
							-0.00454592336908283233,
							0.998387371147845815
						]
					]
				},
				"Reprojection": [
					[
						1,
						0,
						0,
						0
					],
					[
						0,
						1,
						0,
						0
					],
					[
						0,
						0,
						0,
						0.00987868330019029545
					],
					[
						-515.970228668856066,
						-505.307334952204428,
						1517.29371947781033,
						2.67844346166305591
					]
				],
				"Right": {
					"Camera": [
						[
							1517.29371947781033,
							0,
							0
						],
						[
							0,
							1517.29371947781033,
							0
						],
						[
							787.103878799279869,
							505.307334952204428,
							1
						]
					],
					"Rotation": [
						[
							0.997622561691064114,
							-0.0023638766508114954,
							0.0688740625499804915
						],
						[
							0.00268582115314479732,
							0.999985894954734666,
							-0.0045821672068640882
						],
						[
							-0.0688622594001402077,
							0.00475625680110829639,
							0.997614839129585929
						]
					]
				}
			}
		},
		"Monocular": {
			"Left": {
				"Camera": [
					[
						1544.88185793790399,
						0,
						0
					],
					[
						0,
						1544.18389169474517,
						0
					],
					[
						624.555755372339036,
						477.148978146671084,
						1
					]
				],
				"Distortion": [
					-0.551331709509216616,
					0.192603793481989971,
					0.000385324121184332953,
					0.00145467010182199737,
					0.0133927098814384353
				]
			},
			"Right": {
				"Camera": [
					[
						1545.10033627126586,
						0,
						0
					],
					[
						0,
						1544.30308801190017,
						0
					],
					[
						653.61042951287277,
						534.170296278027308,
						1
					]
				],
				"Distortion": [
					-0.550269991917065271,
					0.178835928231724672,
					0.000473077049389134625,
					-0.000482784054047533421,
					0.0656575757109657682
				]
			}
		},
		"Stereo": {
			"Angle": {
				"Epipolar": 0.00916438360851925399,
				"OpticalAxis": 0.00313997908875381787,
				"Vergence": 0.125542298791106621
			},
			"Baseline": 101.228065483254923,
			"Left": {
				"Camera": [
					[
						1517.29371947781033,
						0,
						0
					],
					[
						0,
						1517.29371947781033,
						0
					],
					[
						515.970228668856066,
						505.307334952204428,
						1
					]
				],
				"Rotation": [
					[
						0.998397589838390775,
						0.000769239046279228725,
						-0.0565832208007109871
					],
					[
						-0.000510775563463069268,
						0.999989371369522151,
						0.0045821672068643432
					],
					[
						0.0565861441804979548,
						-0.00454592336908283233,
						0.998387371147845815
					]
				]
			},
			"Rectification": true,
			"Reprojection": [
				[
					1,
					0,
					0,
					0
				],
				[
					0,
					1,
					0,
					0
				],
				[
					0,
					0,
					0,
					0.00987868330019029545
				],
				[
					-515.970228668856066,
					-505.307334952204428,
					1517.29371947781033,
					2.67844346166305591
				]
			],
			"Right": {
				"Camera": [
					[
						1517.29371947781033,
						0,
						0
					],
					[
						0,
						1517.29371947781033,
						0
					],
					[
						787.103878799279869,
						505.307334952204428,
						1
					]
				],
				"Rotation": [
					[
						0.997622561691064114,
						-0.0023638766508114954,
						0.0688740625499804915
					],
					[
						0.00268582115314479732,
						0.999985894954734666,
						-0.0045821672068640882
					],
					[
						-0.0688622594001402077,
						0.00475625680110829639,
						0.997614839129585929
					]
				]
			}
		}
	},
	"EepromId": 1,
	"Images": {
		"DisparityMap": 13249481463.5149994,
		"Normals": null,
		"PointMap": null,
		"Raw": [
			{
				"Left": 13249481460.4880009,
				"Right": 13249481460.4880009
			},
			{
				"Left": 13249481460.6889992,
				"Right": 13249481460.6889992
			},
			{
				"Left": 13249481460.8910007,
				"Right": 13249481460.8910007
			},
			{
				"Left": 13249481461.0930004,
				"Right": 13249481461.0930004
			},
			{
				"Left": 13249481461.2950001,
				"Right": 13249481461.2950001
			},
			{
				"Left": 13249481461.4969997,
				"Right": 13249481461.4969997
			},
			{
				"Left": 13249481461.698,
				"Right": 13249481461.698
			},
			{
				"Left": 13249481461.8999996,
				"Right": 13249481461.8999996
			},
			{
				"Left": 13249481462.1009998,
				"Right": 13249481462.1009998
			},
			{
				"Left": 13249481462.3040009,
				"Right": 13249481462.3040009
			},
			{
				"Left": 13249481462.5039997,
				"Right": 13249481462.5039997
			},
			{
				"Left": 13249481462.7080002,
				"Right": 13249481462.7080002
			},
			{
				"Left": 13249481462.9090004,
				"Right": 13249481462.9090004
			},
			{
				"Left": 13249481463.1110001,
				"Right": 13249481463.1110001
			},
			{
				"Left": 13249481463.3129997,
				"Right": 13249481463.3129997
			},
			{
				"Left": 13249481463.5149994,
				"Right": 13249481463.5149994
			}
		],
		"Rectified": [
			{
				"Left": 13249481460.4880009,
				"Right": 13249481460.4880009
			},
			{
				"Left": 13249481460.6889992,
				"Right": 13249481460.6889992
			},
			{
				"Left": 13249481460.8910007,
				"Right": 13249481460.8910007
			},
			{
				"Left": 13249481461.0930004,
				"Right": 13249481461.0930004
			},
			{
				"Left": 13249481461.2950001,
				"Right": 13249481461.2950001
			},
			{
				"Left": 13249481461.4969997,
				"Right": 13249481461.4969997
			},
			{
				"Left": 13249481461.698,
				"Right": 13249481461.698
			},
			{
				"Left": 13249481461.8999996,
				"Right": 13249481461.8999996
			},
			{
				"Left": 13249481462.1009998,
				"Right": 13249481462.1009998
			},
			{
				"Left": 13249481462.3040009,
				"Right": 13249481462.3040009
			},
			{
				"Left": 13249481462.5039997,
				"Right": 13249481462.5039997
			},
			{
				"Left": 13249481462.7080002,
				"Right": 13249481462.7080002
			},
			{
				"Left": 13249481462.9090004,
				"Right": 13249481462.9090004
			},
			{
				"Left": 13249481463.1110001,
				"Right": 13249481463.1110001
			},
			{
				"Left": 13249481463.3129997,
				"Right": 13249481463.3129997
			},
			{
				"Left": 13249481463.5149994,
				"Right": 13249481463.5149994
			}
		],
		"WithOverlay": {
			"Left": null,
			"Right": null
		}
	},
	"Link": {
		"Rotation": {
			"Angle": 3.13745724526194403,
			"Axis": [
				0.0112171229311695507,
				-0.999933041471773199,
				0.00284406859201560445
			]
		},
		"Target": "Workspace",
		"Translation": [
			60.6943867795358187,
			-410.899330477967908,
			1065.53567679309367
		]
	},
	"ModelName": "N35-804-16-BL",
	"Parameters": {
		"Capture": {
			"AbsoluteBlackLevelOffset": 0,
			"AutoBlackLevel": true,
			"AutoExposure": true,
			"AutoGain": false,
			"Binning": 1,
			"BlackLevelOffset": 0.454901960784313719,
			"BlackLevelOffsetCalibration": {
				"Left": 0,
				"Right": 0
			},
			"Exposure": 9.99975024741340413,
			"FlashDelay": -0.0500000000000000028,
			"FlexView": 16,
			"FrontLight": false,
			"Gain": 1,
			"GainBoost": true,
			"HardwareGamma": true,
			"Hdr": true,
			"ImageBuffer": {
				"Count": 0,
				"OverflowPolicy": "DiscardOld",
				"Size": 1
			},
			"MaxFlashTime": 10,
			"MaxGain": 4,
			"MultiExposureFactor": 1,
			"PixelClock": 24,
			"Projector": true,
			"TargetBrightness": 128,
			"TriggerDelay": 0,
			"TriggerMode": "Software",
			"Triggered": false,
			"UseDisparityMapAreaOfInterest": false,
			"UseRecalibrator": true
		},
		"DisparityMap": {
			"AreaOfInterest": {
				"LeftTop": [
					0,
					0
				],
				"RightBottom": [
					1279,
					1023
				]
			},
			"MeasurementVolume": {
				"Far": {
					"DisparityStep": 4.75987127528492149,
					"LeftBottom": [
						-290.762159858014741,
						291.732795941128529,
						855.033051330385661
					],
					"LeftTop": [
						-290.762159858014741,
						-284.753351916927386,
						855.033051330385661
					],
					"PixelSize": 0.563525071219995954,
					"RightBottom": [
						429.986406232360139,
						291.732795941128529,
						855.033051330385661
					],
					"RightTop": [
						429.986406232360139,
						-284.753351916927386,
						855.033051330385661
					]
				},
				"Near": {
					"DisparityStep": 2.63060577181502664,
					"LeftBottom": [
						-216.156433786887817,
						216.87801748379394,
						635.642874697825505
					],
					"LeftTop": [
						-216.156433786887817,
						-211.68940652140725,
						635.642874697825505
					],
					"PixelSize": 0.41893198827487893,
					"RightBottom": [
						319.657579216682393,
						216.87801748379394,
						635.642874697825505
					],
					"RightTop": [
						319.657579216682393,
						-211.68940652140725,
						635.642874697825505
					]
				}
			},
			"PostProcessing": {
				"Filling": {
					"BorderSpread": 1,
					"RegionSize": 72
				},
				"MedianFilterRadius": 2,
				"SpeckleRemoval": {
					"ComponentThreshold": 1,
					"RegionSize": 516
				},
				"UniquenessOffset": 16,
				"UniquenessRatio": 3.79999995231628418
			},
			"Scaling": 1,
			"StereoMatching": {
				"CostScale": -3,
				"DepthChangeCost": 12,
				"DepthStepCost": 49,
				"Method": "SgmDiagonal",
				"MinimumDisparity": -92,
				"NumberOfDisparities": 64,
				"Padding": true,
				"PropagationDecay": 3,
				"ScaledMinimumDisparity": -92,
				"ScaledNumberOfDisparities": 64,
				"ShadowingThreshold": 1
			},
			"ValidRegion": {
				"LeftTop": [
					0,
					0
				],
				"RightBottom": [
					1187,
					1023
				]
			}
		},
		"IO": {
			"Input": false,
			"Output": {
				"Duration": 0,
				"Mode": "LowActive"
			}
		},
		"Overlay": {
			"Text": {
				"Angle": 0,
				"Color": [
					255,
					0,
					0
				],
				"Mirror": {
					"Horizontal": false,
					"Vertical": false
				}
			}
		}
	},
	"Sensor": {
		"ModelName": "UI524xTE-M",
		"Port": {
			"Bandwidth": 1000,
			"IpAddress": "169.254.31.62",
			"IpSubnetMask": "255.255.0.0",
			"NetworkAdapterIpAddress": "169.254.34.216",
			"NetworkAdapterIpSubnetMask": "255.255.0.0",
			"Type": "Ethernet"
		},
		"SerialNumber": "171423",
		"Size": [
			1280,
			1024
		],
		"Temperature": 43
	},
	"SerialNumber": "171423",
	"Status": {
		"Available": false,
		"Calibrated": true,
		"DynamicCalibrationLimitReached": false,
		"Open": true,
		"Overtemperature": false,
		"Paired": true,
		"ValidFirmware": true,
		"ValidIpAddress": true
	},
	"Type": "Stereo"
}