{
	"Calibration": {
		"Dynamic": {
			"CalibrationHistory": [
				{
					"Epipolar": 0,
					"Time": 0
				}
			],
			"Stereo": {
				"Angle": {
					"Epipolar": 0,
					"Vergence": 0
				},
				"Left": {
					"Camera": [
						[
							1517.29371947781033,
							0,
							0
						],
						[
							0,
							1517.29371947781033,
							0
						],
						[
							315.970228668856066,
							305.307334952204428,
							1
						]
					],
					"Rotation": [
						[
							0.998397589838390775,
							0.000769239046279228725,
							-0.0565832208007109871
						],
						[
							-0.000510775563463069268,
							0.999989371369522151,
							0.0045821672068643432
						],
						[
							0.0565861441804979548,
							-0.00454592336908283233,
							0.998387371147845815
						]
					]
				},
				"Reprojection": [
					[
						1,
						0,
						0,
						0
					],
					[
						0,
						1,
						0,
						0
					],
					[
						0,
						0,
						0,
						0.00987868330019029545
					],
					[
						-315.970228668856066,
						-305.307334952204428,
						1517.29371947781033,
						2.67844346166305591
					]
				],
				"Right": {
					"Camera": [
						[
							1517.29371947781033,
							0,
							0
						],
						[
							0,
							1517.29371947781033,
							0
						],
						[
							587.103878799279869,
							305.307334952204428,
							1
						]
					],
					"Rotation": [
						[
							0.997622561691064114,
							-0.0023638766508114954,
							0.0688740625499804915
						],
						[
							0.00268582115314479732,
							0.999985894954734666,
							-0.0045821672068640882
						],
						[
							-0.0688622594001402077,
							0.00475625680110829639,
							0.997614839129585929
						]
					]
				}
			}
		},
		"Monocular": {
			"Left": {
				"Camera": [
					[
						1544.88185793790399,
						0,
						0
					],
					[
						0,
						1544.18389169474517,
						0
					],
					[
						624.555755372339036,
						477.148978146671084,
						1
					]
				],
				"Distortion": [
					-0.551331709509216616,
					0.192603793481989971,
					0.000385324121184332953,
					0.00145467010182199737,
					0.0133927098814384353
				]
			},
			"Right": {
				"Camera": [
					[
						1545.10033627126586,
						0,
						0
					],
					[
						0,
						1544.30308801190017,
						0
					],
					[
						653.61042951287277,
						534.170296278027308,
						1
					]
				],
				"Distortion": [
					-0.550269991917065271,
					0.178835928231724672,
					0.000473077049389134625,
					-0.000482784054047533421,
					0.0656575757109657682
				]
			}
		},
		"Stereo": {
			"Angle": {
				"Epipolar": 0.00916438360851925399,
				"OpticalAxis": 0.00313997908875381787,
				"Vergence": 0.125542298791106621
			},
			"Baseline": 101.228065483254923,
			"Left": {
				"Camera": [
					[
						1517.29371947781033,
						0,
						0
					],
					[
						0,
						1517.29371947781033,
						0
					],
					[
						515.970228668856066,
						505.307334952204428,
						1
					]
				],
				"Rotation": [
					[
						0.998397589838390775,
						0.000769239046279228725,
						-0.0565832208007109871
					],
					[
						-0.000510775563463069268,
						0.999989371369522151,
						0.0045821672068643432
					],
					[
						0.0565861441804979548,
						-0.00454592336908283233,
						0.998387371147845815
					]
				]
			},
			"Rectification": true,
			"Reprojection": [
				[
					1,
					0,
					0,
					0
				],
				[
					0,
					1,
					0,
					0
				],
				[
					0,
					0,
					0,
					0.00987868330019029545
				],
				[
					-515.970228668856066,
					-505.307334952204428,
					1517.29371947781033,
					2.67844346166305591
				]
			],
			"Right": {
				"Camera": [
					[
						1517.29371947781033,
						0,
						0
					],
					[
						0,
						1517.29371947781033,
						0
					],
					[
						787.103878799279869,
						505.307334952204428,
						1
					]
				],
				"Rotation": [
					[
						0.997622561691064114,
						-0.0023638766508114954,
						0.0688740625499804915
					],
					[
						0.00268582115314479732,
						0.999985894954734666,
						-0.0045821672068640882
					],
					[
						-0.0688622594001402077,
						0.00475625680110829639,
						0.997614839129585929
					]
				]
			}
		}
	},
	"EepromId": 1,
	"Images": {
		"DisparityMap": 13234340231.2310009,
		"Normals": null,
		"PointMap": null,
		"Raw": [
			{
				"Left": 13234340229.9750004,
				"Right": 13234340229.9750004
			},
			{
				"Left": 13234340230.0480003,
				"Right": 13234340230.0480003
			},
			{
				"Left": 13234340230.1140003,
				"Right": 13234340230.1140003
			},
			{
				"Left": 13234340230.2220001,
				"Right": 13234340230.2220001
			},
			{
				"Left": 13234340230.2880001,
				"Right": 13234340230.2880001
			},
			{
				"Left": 13234340230.3889999,
				"Right": 13234340230.3889999
			},
			{
				"Left": 13234340230.4559994,
				"Right": 13234340230.4559994
			},
			{
				"Left": 13234340230.5580006,
				"Right": 13234340230.5580006
			},
			{
				"Left": 13234340230.6240005,
				"Right": 13234340230.6240005
			},
			{
				"Left": 13234340230.7240009,
				"Right": 13234340230.7240009
			},
			{
				"Left": 13234340230.7900009,
				"Right": 13234340230.7900009
			},
			{
				"Left": 13234340230.8920002,
				"Right": 13234340230.8920002
			},
			{
				"Left": 13234340230.9580002,
				"Right": 13234340230.9580002
			},
			{
				"Left": 13234340231.059,
				"Right": 13234340231.059
			},
			{
				"Left": 13234340231.1259995,
				"Right": 13234340231.1259995
			},
			{
				"Left": 13234340231.2310009,
				"Right": 13234340231.2310009
			}
		],
		"Rectified": [
			{
				"Left": 13234340229.9750004,
				"Right": 13234340229.9750004
			},
			{
				"Left": 13234340230.0480003,
				"Right": 13234340230.0480003
			},
			{
				"Left": 13234340230.1140003,
				"Right": 13234340230.1140003
			},
			{
				"Left": 13234340230.2220001,
				"Right": 13234340230.2220001
			},
			{
				"Left": 13234340230.2880001,
				"Right": 13234340230.2880001
			},
			{
				"Left": 13234340230.3889999,
				"Right": 13234340230.3889999
			},
			{
				"Left": 13234340230.4559994,
				"Right": 13234340230.4559994
			},
			{
				"Left": 13234340230.5580006,
				"Right": 13234340230.5580006
			},
			{
				"Left": 13234340230.6240005,
				"Right": 13234340230.6240005
			},
			{
				"Left": 13234340230.7240009,
				"Right": 13234340230.7240009
			},
			{
				"Left": 13234340230.7900009,
				"Right": 13234340230.7900009
			},
			{
				"Left": 13234340230.8920002,
				"Right": 13234340230.8920002
			},
			{
				"Left": 13234340230.9580002,
				"Right": 13234340230.9580002
			},
			{
				"Left": 13234340231.059,
				"Right": 13234340231.059
			},
			{
				"Left": 13234340231.1259995,
				"Right": 13234340231.1259995
			},
			{
				"Left": 13234340231.2310009,
				"Right": 13234340231.2310009
			}
		],
		"WithOverlay": {
			"Left": null,
			"Right": null
		}
	},
	"Link": {
		"Rotation": {
			"Angle": 3.13745724526194403,
			"Axis": [
				0.0112171229311695507,
				-0.999933041471773199,
				0.00284406859201560445
			]
		},
		"Target": "Workspace",
		"Translation": [
			60.6943867795358187,
			-410.899330477967908,
			1065.53567679309367
		]
	},
	"ModelName": "N35-804-16-BL",
	"Parameters": {
		"Capture": {
			"AbsoluteBlackLevelOffset": 0,
			"AutoBlackLevel": true,
			"AutoExposure": true,
			"AutoGain": true,
			"Binning": 1,
			"BlackLevelOffset": 0.454901960784313719,
			"BlackLevelOffsetCalibration": {
				"Left": 0,
				"Right": 0
			},
			"Exposure": 6.55064831309041828,
			"FlashDelay": -0.0500000000000000028,
			"FlexView": 16,
			"FrontLight": false,
			"Gain": 1,
			"GainBoost": false,
			"HardwareGamma": true,
			"Hdr": false,
			"ImageBuffer": {
				"Count": 0,
				"OverflowPolicy": "DiscardOld",
				"Size": 1
			},
			"MaxFlashTime": 10,
			"MaxGain": 4,
			"MultiExposureFactor": 15,
			"PixelClock": 24,
			"Projector": true,
			"TargetBrightness": 128,
			"TriggerDelay": 0,
			"TriggerMode": "Software",
			"Triggered": false,
			"UseDisparityMapAreaOfInterest": false,
			"UseRecalibrator": true
		},
		"DisparityMap": {
			"AreaOfInterest": {
				"LeftTop": [
					0,
					0
				],
				"RightBottom": [
					1279,
					1023
				]
			},
			"MeasurementVolume": {
				"Far": {
					"DisparityStep": 5.15370660473414777,
					"LeftBottom": [
						-302.552069400380446,
						303.56206312076057,
						889.70318287652924
					],
					"LeftTop": [
						-302.552069400380446,
						-296.299614548300724,
						889.70318287652924
					],
					"PixelSize": 0.586375051484908427,
					"RightBottom": [
						389.370491351811495,
						303.56206312076057,
						889.70318287652924
					],
					"RightTop": [
						389.370491351811495,
						-296.299614548300724,
						889.70318287652924
					]
				},
				"Near": {
					"DisparityStep": 3.74065333843233816,
					"LeftBottom": [
						-257.759103986347043,
						258.619567697314096,
						757.982239839100089
					],
					"LeftTop": [
						-257.759103986347043,
						-252.432327793471558,
						757.982239839100089
					],
					"PixelSize": 0.499561970176721104,
					"RightBottom": [
						331.724020822183832,
						258.619567697314096,
						757.982239839100089
					],
					"RightTop": [
						331.724020822183832,
						-252.432327793471558,
						757.982239839100089
					]
				}
			},
			"PostProcessing": {
				"Filling": {
					"BorderSpread": 16,
					"RegionSize": 300
				},
				"MedianFilterRadius": 2,
				"SpeckleRemoval": {
					"ComponentThreshold": 1,
					"RegionSize": 1000
				},
				"UniquenessOffset": 16,
				"UniquenessRatio": 0
			},
			"Scaling": 1,
			"StereoMatching": {
				"CostScale": -3,
				"DepthChangeCost": 1,
				"DepthStepCost": 2,
				"Method": "SgmDiagonal",
				"MinimumDisparity": -99,
				"NumberOfDisparities": 32,
				"Padding": false,
				"PropagationDecay": 3,
				"ScaledMinimumDisparity": -99,
				"ScaledNumberOfDisparities": 32,
				"ShadowingThreshold": 2
			},
			"ValidRegion": {
				"LeftTop": [
					0,
					0
				],
				"RightBottom": [
					1180,
					1023
				]
			}
		},
		"IO": {
			"Input": false,
			"Output": {
				"Duration": 0,
				"Mode": "LowActive"
			}
		},
		"Overlay": {
			"Text": {
				"Angle": 0,
				"Color": [
					255,
					0,
					0
				],
				"Mirror": {
					"Horizontal": false,
					"Vertical": false
				}
			}
		}
	},
	"Sensor": {
		"ModelName": "UI524xTE-M",
		"Port": {
			"Bandwidth": 1000,
			"IpAddress": "169.254.197.152",
			"IpSubnetMask": "255.255.0.0",
			"NetworkAdapterIpAddress": "169.254.34.216",
			"NetworkAdapterIpSubnetMask": "255.255.0.0",
			"Type": "Ethernet"
		},
		"SerialNumber": "171423",
		"Size": [
			1280,
			1024
		],
		"Temperature": 37.875
	},
	"SerialNumber": "171423",
	"Status": {
		"Available": false,
		"Calibrated": true,
		"DynamicCalibrationLimitReached": false,
		"Open": true,
		"Overtemperature": false,
		"Paired": true,
		"ValidFirmware": true,
		"ValidIpAddress": true
	},
	"Type": "Stereo"
}